ID1   0.1  0  900  2   0 2
ID2   0.1  0  700  2   0 4
ID3   0.1  0  600  2   0 0.3
ID4   -0.1 0  500  2   0 0.4
ID5   -0.1 0  600  2   0 4
ID6   0.1  0  700  2   0 0.6
ID7   -0.1 0  0  2   0 0.7 
ID8    0   0  0   2   0  0
ID9 0.1	0 9 0.9
ID10 0.2 1 9 0.6
ID11 0.3 2 8 0.9
ID12 0.4 3 7 0.7
ID13 0.5 4 6 0.5
ID14 0.6 5 5 0.4
ID15 0.7 6 4 0.2
ID16 0   0 3 0.3
ID17 0.2 1 2 0.9
ID18 0.3 2 1 0.8
ID19 0.4 3 12 0.5
ID20 0.5 4 2 0.1
ID21 0.6 5 5 0.8
ID22 0.7 6 3 0.6
ID23 0   0 5 0.3
ID24 0.2 1 2 0.5
ID25 0.3 2 4 0.2
ID26 0.4 3 5 0.1
ID27 0.5 4 4 0.4
ID28 0.6 5 2 0.8
ID29 0.7 6 3 0.9
ID30 0   0 2 0.6
ID31 0.2 1 6 0.7
ID32 0.3 2 6 0.5
ID33 0.4 3 1 0.6
ID34 0.5 4 3 0.5
ID35 0.6 5 6 0.3
ID36 0.7 6 7 0.5
ID37 0   0 5 0.8
ID38 0.2 1 3 0.6
ID39 0.3 2 3 0.4
ID40 0.4 3 2 0.3
ID41 0.5 4 2 0.5
ID42 0.6 5 1 0.8
ID43 0.7 6 4 0.9
ID44 0   0 6 0.6
ID45 0.2 1 7 0.4
ID46 0.3 2 4 0.5
ID47 0.4 3 3 0.3
ID48 0.5 4 2 0.9
ID49 0.6 5 2 0.3
ID50 0.7 6 8 0.6
ID51 0   0 9 0.8
ID52 0.2 1 7 0.7
ID53 0.3 2 4 0.6
ID54 0.4 3 3 0.3
ID55 0.5 4 2 0.2
ID56 0.6 5 2 0.5
ID57 0.7 6 5 0.9
ID58 0   0 6 0.4
ID59 0.2 1 6 0.7
ID60 0.3 2 7 0.3 
ID61 0.4 3 9 0.2
ID62 0.5 4 9 0.1
ID63 0.6 5 5 0.2
ID64 0.7 6 3 0.1
ID65 0   0 0 0
